ERR315856.79946155_PHOSPHORE_0101:8:65:17901:195484/1	HIMB11__init__GNM1017__contig1	95.050	101	5	0	1	101	463	363	1.72e-38	159
ERR315856.33486735_PHOSPHORE_0101:8:25:16798:79931/1	HIMB11__init__GNM1017__contig1	90.588	85	6	1	8	92	551	469	4.37e-24	111
ERR315856.47582845_PHOSPHORE_0101:8:42:1970:77528/1	HIMB11__init__GNM1017__contig1	95.312	64	3	0	1	64	1557	1620	1.55e-21	102
ERR315856.72022955_PHOSPHORE_0101:8:63:15075:27073/1	HIMB11__init__GNM1017__contig1	94.737	76	4	0	1	76	1904	1829	2.00e-26	119
ERR315856.20956717_PHOSPHORE_0101:8:8:20189:132282/1	HIMB11__init__GNM1017__contig1	95.960	99	4	0	1	99	1979	1881	4.66e-39	161
ERR315856.72098816_PHOSPHORE_0101:8:63:13207:32909/1	HIMB11__init__GNM1017__contig1	95.062	81	4	0	1	81	1943	2023	3.64e-29	128
ERR315856.88852122_PHOSPHORE_0101:8:68:20132:176339/1	HIMB11__init__GNM1017__contig1	94.681	94	5	0	1	94	2354	2261	1.23e-34	147
ERR315856.11318552_PHOSPHORE_0101:8:5:15500:84358/1	HIMB11__init__GNM1017__contig1	98.020	101	2	0	1	101	3019	2919	1.71e-43	176
ERR315856.23583651_PHOSPHORE_0101:8:21:6361:131451/1	HIMB11__init__GNM1017__contig1	98.020	101	2	0	1	101	3871	3771	1.71e-43	176
ERR315856.60874265_PHOSPHORE_0101:8:47:16828:30790/1	HIMB11__init__GNM1017__contig1	95.699	93	4	0	3	95	3867	3775	1.04e-35	150
