87
GNM811     0.0000000 0.3580327 1.0361123 0.4331243 0.3815828 0.3260074 0.4264351 0.3413435 0.4090362 0.3583935 0.3381917 1.1337752 0.3652167 0.3292717 0.3594489 1.1768802 0.3446584 0.3770348 0.3688432 0.3415293 0.3292482 0.4271860 0.3231078 0.3755533 0.3358427 1.1041096 0.3864038 0.3701453 0.3231163 0.3104864 0.3806872 0.3271825 0.3777555 0.1589586 0.3199740 0.3393151 0.4242640 0.3218496 0.1582325 0.3104579 0.3304959 0.2979610 0.3942000 0.3169693 0.3060840 0.3874930 0.3788190 1.0506981 0.3641098 0.3512478 0.3184512 0.3767655 0.3536735 0.3303969 0.3104504 0.3367213 0.3778045 0.3234939 1.0739484 0.3349301 0.3265300 0.3641194 0.3246825 0.3329128 1.0082837 0.3157042 0.5424777 0.3541083 0.3120775 0.3519879 0.3256081 0.3802880 0.3196392 1.1197249 0.3766447 0.3121329 0.3948021 0.4027682 0.3849289 0.3671939 0.3241729 0.3874722 0.3842350 0.3710665 0.3702653 0.3342651 0.3012142 
GNM915     0.3580327 0.0000000 1.0469612 0.4298345 0.3976129 0.2743372 0.4279560 0.2876218 0.4199718 0.1433505 0.3063227 1.1300756 0.3967947 0.3028611 0.3195802 1.1757391 0.2864137 0.3719088 0.3658962 0.3545834 0.3055597 0.4176448 0.2983185 0.3488247 0.2869902 1.0977652 0.3993107 0.3398751 0.3499917 0.3006469 0.3761476 0.2800253 0.3662196 0.3131824 0.2705574 0.3052854 0.4175636 0.2897402 0.3462879 0.3191064 0.2766253 0.3266377 0.4065901 0.3122452 0.3115570 0.3816722 0.3734651 1.0479266 0.3547596 0.3455101 0.2942761 0.3716865 0.3227754 0.2862483 0.3000587 0.2828672 0.3716531 0.2806210 1.0810153 0.2828784 0.2729291 0.3946959 0.2802795 0.2810257 0.9897645 0.3701088 0.5435067 0.2392664 0.3656453 0.0995091 0.2846364 0.3895169 0.2827827 1.1411595 0.3708183 0.3139049 0.3709145 0.4093363 0.3910215 0.3220102 0.2654965 0.3818554 0.4073376 0.3737627 0.3214650 0.2960689 0.3512084 
GNM1001    1.0361123 1.0469612 0.0000000 1.0306312 1.0542972 1.0016517 1.0155306 1.0036596 1.0360340 1.0291072 1.0088786 1.0915214 1.0469593 1.0281296 1.0028978 1.1261991 1.0186564 0.9990877 1.0258615 1.0323196 1.0266289 1.0244166 1.0132669 1.0466257 0.9907595 1.0093819 1.0311245 1.0097648 1.0313849 1.0274726 1.0063216 1.0046923 1.0174645 1.0110875 1.0018802 1.0006504 1.0320779 0.9991733 1.0393629 1.0242033 0.9997540 1.0201541 1.0583538 1.0373861 1.0210612 1.0108512 1.0020036 0.6401908 1.0293987 0.9881751 1.0305801 0.9987442 1.0129141 0.9999666 1.0244183 1.0146955 0.9995556 0.9940830 0.6816090 0.9980539 1.0042940 1.0391752 0.9898163 1.0098999 0.3875328 1.0776106 1.0735468 1.0360217 1.0710070 1.0346193 1.0102662 1.0115947 0.9921522 1.0475454 0.9988832 1.0227400 1.0399838 1.0130149 1.0056816 0.9999363 1.0193432 1.0104751 1.0325523 1.0207388 1.0092785 1.0330765 1.0309352 
GNM875     0.4331243 0.4298345 1.0306312 0.0000000 0.4507464 0.4007065 0.2312576 0.4136733 0.3264083 0.4416769 0.4330164 1.1323222 0.4764604 0.4344022 0.4175739 1.1651604 0.4250745 0.4231524 0.4201680 0.4349848 0.4306715 0.1443594 0.4135370 0.4523050 0.4147869 1.0904761 0.3452144 0.4094007 0.4229248 0.4253159 0.4262754 0.4097115 0.4447692 0.4067438 0.3930461 0.4293019 0.4638173 0.4139385 0.4368350 0.4358517 0.4040830 0.4071009 0.3828969 0.4326800 0.4369625 0.4332847 0.4242974 1.0407840 0.4272303 0.4176622 0.4270602 0.4221685 0.4405043 0.4097408 0.4271033 0.4111551 0.4225303 0.4101976 1.0459541 0.4140568 0.4006847 0.4745972 0.4093034 0.4097373 0.9774766 0.4749155 0.5782540 0.4394864 0.4725539 0.4323594 0.4157352 0.4550218 0.4073611 1.1049410 0.4222165 0.4317394 0.4481084 0.3540760 0.3405020 0.4015672 0.3946891 0.4332732 0.4496866 0.4244509 0.4163956 0.4151907 0.4253954 
GNM858     0.3815828 0.3976129 1.0542972 0.4507464 0.0000000 0.3752789 0.4369363 0.3924971 0.4273301 0.3938663 0.3893110 1.1262527 0.4328649 0.3960513 0.3760307 1.1812494 0.3702580 0.3976436 0.3730853 0.3913397 0.3964419 0.4365189 0.3671737 0.4188950 0.3812857 1.0787287 0.4129803 0.3631088 0.3727865 0.3802285 0.4007368 0.3640436 0.3868519 0.3688310 0.3709701 0.3892856 0.4146101 0.3778409 0.3848778 0.3728152 0.3805223 0.3730117 0.4253995 0.3725772 0.3807416 0.4060228 0.3975364 1.0568486 0.3997124 0.3583012 0.3688081 0.3967851 0.4038078 0.3844714 0.3696054 0.3894652 0.3961888 0.3735091 1.0450733 0.3813000 0.3799985 0.4306094 0.3753300 0.3893714 1.0124019 0.4238345 0.5854941 0.3958102 0.4187133 0.3868804 0.3612692 0.4207721 0.3762241 1.1179005 0.3965846 0.3743328 0.4051185 0.4169046 0.3897193 0.3768322 0.3739563 0.4065348 0.3997964 0.3793585 0.3817031 0.3782166 0.3764855 
GNM1026    0.3260074 0.2743372 1.0016517 0.4007065 0.3752789 0.0000000 0.4031975 0.1812422 0.3872981 0.3002029 0.2052439 1.1029436 0.3518351 0.2583883 0.2978834 1.1287376 0.2787928 0.3512318 0.3533534 0.3247518 0.2476328 0.3931747 0.2782953 0.3070099 0.1963627 1.0558398 0.3725848 0.3353297 0.3423276 0.2481226 0.3542028 0.2548765 0.3452873 0.2864766 0.1507059 0.2006329 0.3945020 0.1867836 0.3136743 0.2601834 0.1689544 0.3136352 0.3935258 0.3161121 0.2571611 0.3601631 0.3525895 1.0091158 0.3173619 0.3066397 0.2083241 0.3512101 0.2885513 0.1804351 0.2543031 0.1766754 0.3517265 0.1749526 1.0459504 0.1937542 0.0468056 0.3463684 0.1730398 0.1774616 0.9506092 0.3357744 0.5020166 0.3009028 0.3349806 0.2846402 0.2666790 0.3522766 0.1796489 1.0920195 0.3508265 0.2514089 0.3466406 0.3856539 0.3644500 0.2935762 0.0982357 0.3602286 0.3792909 0.3609924 0.3157778 0.2751974 0.3371029 
GNM1419    0.4264351 0.4279560 1.0155306 0.2312576 0.4369363 0.4031975 0.0000000 0.4174934 0.3326631 0.4242117 0.4254528 1.0984588 0.4681805 0.4413575 0.4033606 1.1583961 0.4076401 0.4070345 0.4140436 0.4242933 0.4292317 0.2176086 0.4061398 0.4593705 0.4056898 1.0613108 0.3699540 0.3958262 0.4096574 0.4272490 0.4108938 0.4000193 0.4288446 0.4119998 0.3971708 0.4227204 0.4471420 0.4046604 0.4267877 0.4264964 0.4048668 0.4039074 0.3839650 0.4233114 0.4287904 0.4183052 0.4079417 1.0193841 0.4276510 0.4057555 0.4159411 0.4065909 0.4262267 0.4128530 0.4157844 0.4105463 0.4066277 0.3976048 1.0328136 0.4051038 0.4038636 0.4664401 0.3976697 0.4137973 0.9764650 0.4836598 0.5883555 0.4290430 0.4821410 0.4164994 0.4030787 0.4434819 0.3978418 1.0953946 0.4063982 0.4245266 0.4431230 0.3568392 0.3374278 0.4037176 0.3964412 0.4180530 0.4308283 0.4175793 0.4058504 0.4195854 0.4155012 
GNM1130    0.3413435 0.2876218 1.0036596 0.4136733 0.3924971 0.1812422 0.4174934 0.0000000 0.3987662 0.3142762 0.1147101 1.1091957 0.3619714 0.2674158 0.3113782 1.1321150 0.2918325 0.3645667 0.3729146 0.3383357 0.2596513 0.4070645 0.2950503 0.3167657 0.1560784 1.0737620 0.3875410 0.3472473 0.3608886 0.2596856 0.3676658 0.2715627 0.3489251 0.3016166 0.1956475 0.1100517 0.4114945 0.1415898 0.3304590 0.2783068 0.1200473 0.3272898 0.4034401 0.3290574 0.2718242 0.3743203 0.3671119 1.0186345 0.3298903 0.3258336 0.2360735 0.3640859 0.3011810 0.1313955 0.2650861 0.1159225 0.3651220 0.1266132 1.0656388 0.1538220 0.1829681 0.3549479 0.1201262 0.1201761 0.9675028 0.3477200 0.5073286 0.3156356 0.3453628 0.2960119 0.2851739 0.3540179 0.1418819 1.1084424 0.3636265 0.2708706 0.3568282 0.4024260 0.3877188 0.3011422 0.1897739 0.3743516 0.3898478 0.3762689 0.3226724 0.2929810 0.3475769 
GNM1066    0.4090362 0.4199718 1.0360340 0.3264083 0.4273301 0.3872981 0.3326631 0.3987662 0.0000000 0.4181153 0.4075179 1.1382616 0.4551033 0.4167827 0.3879116 1.1730480 0.4041669 0.3960820 0.3990815 0.4060702 0.4061787 0.3227603 0.3819398 0.4487934 0.3902482 1.0988757 0.3083007 0.3952482 0.4050386 0.4106436 0.3993637 0.3911081 0.4207305 0.3985399 0.3771090 0.4059275 0.4477052 0.3860923 0.4173948 0.4095200 0.3903324 0.3998418 0.3418992 0.4240054 0.4062185 0.4077078 0.3978205 1.0411945 0.4221454 0.3917675 0.4047500 0.3957009 0.4108858 0.3935704 0.3987022 0.3965050 0.3957338 0.3821436 1.0324331 0.3905166 0.3880873 0.4529928 0.3814484 0.3958648 1.0007309 0.4716324 0.5719470 0.4182453 0.4691505 0.4093499 0.3868969 0.4239350 0.3821388 1.0944137 0.3953331 0.4055648 0.4362781 0.2993220 0.2948807 0.3857563 0.3789122 0.4079429 0.4289807 0.3966845 0.3909226 0.3983747 0.4084009 
GNM683     0.3583935 0.1433505 1.0291072 0.4416769 0.3938663 0.3002029 0.4242117 0.3142762 0.4181153 0.0000000 0.3181181 1.1202606 0.3966465 0.3191581 0.3363599 1.1823674 0.2987075 0.3775055 0.3654200 0.3615923 0.3138020 0.4305468 0.2991907 0.3664562 0.3042102 1.1056204 0.4104792 0.3489551 0.3578400 0.3162525 0.3820368 0.2903603 0.3662610 0.3301025 0.2953365 0.3149514 0.4178365 0.2959055 0.3528886 0.3217424 0.3017781 0.3445338 0.4027191 0.3379360 0.3127929 0.3879771 0.3786844 1.0424350 0.3693931 0.3478553 0.2988923 0.3773711 0.3326198 0.3042710 0.3071299 0.3078984 0.3777961 0.2945056 1.0697448 0.3001878 0.3002038 0.3949642 0.2937145 0.3052269 0.9995803 0.3841354 0.5520847 0.2507242 0.3811948 0.1371990 0.2942210 0.4013274 0.2942176 1.1159977 0.3768459 0.3183960 0.3854243 0.4098964 0.3923144 0.3403556 0.2913365 0.3885062 0.4005657 0.3744447 0.3297109 0.3092293 0.3572815 
GNM1427    0.3381917 0.3063227 1.0088786 0.4330164 0.3893110 0.2052439 0.4254528 0.1147101 0.4075179 0.3181181 0.0000000 1.1146201 0.3560565 0.2756790 0.3218400 1.1593589 0.2997226 0.3743620 0.3782303 0.3339156 0.2588856 0.4277436 0.3001304 0.3340991 0.1744276 1.0834414 0.4015768 0.3523707 0.3680902 0.2673141 0.3783155 0.2779905 0.3573550 0.3178362 0.2106786 0.0408189 0.4192924 0.1514072 0.3284635 0.2734380 0.1539988 0.3498234 0.4003781 0.3488499 0.2701557 0.3835215 0.3766217 1.0275232 0.3457000 0.3300718 0.2298563 0.3738697 0.3110403 0.1588800 0.2617879 0.1497304 0.3749465 0.1489070 1.0664970 0.1734192 0.2067829 0.3548199 0.1456665 0.1507038 0.9895685 0.3552231 0.5169141 0.3237038 0.3534647 0.3023012 0.2862476 0.3508639 0.1531567 1.1083676 0.3736657 0.2680032 0.3784515 0.4088536 0.3921293 0.3277107 0.2116225 0.3836659 0.3856102 0.3831701 0.3328929 0.3080894 0.3550389 
GNM1311    1.1337752 1.1300756 1.0915214 1.1323222 1.1262527 1.1029436 1.0984588 1.1091957 1.1382616 1.1202606 1.1146201 0.0000000 1.1601237 1.1406781 1.0942579 0.9310645 1.1081879 1.1005993 1.1144568 1.0889435 1.1327452 1.1190560 1.1121731 1.1557392 1.0967472 0.8190731 1.1345400 1.1175123 1.1253181 1.0955874 1.1049528 1.1083723 1.1122966 1.0987538 1.1071481 1.1118652 1.1142303 1.0996114 1.1410972 1.1248816 1.1043141 1.1092329 1.1393957 1.1203717 1.1360750 1.1171015 1.1018133 1.0737432 1.1154528 1.0931553 1.1044972 1.0995818 1.1317004 1.1121290 1.1213711 1.1154662 1.0993942 1.0992737 1.0962354 1.0978145 1.0990014 1.1558981 1.0944820 1.1214746 1.0417561 1.1868635 1.2012520 1.1226369 1.1819936 1.1092133 1.0972932 1.1343264 1.0987797 0.8560387 1.0994701 1.1174752 1.1406471 1.1116150 1.0962069 1.0967134 1.1021953 1.1155833 1.1207075 1.1065424 1.0971207 1.1378397 1.1255003 
GNM962     0.3652167 0.3967947 1.0469593 0.4764604 0.4328649 0.3518351 0.4681805 0.3619714 0.4551033 0.3966465 0.3560565 1.1601237 0.0000000 0.3481738 0.3846275 1.1932230 0.3811986 0.4068632 0.4099053 0.3731000 0.3625740 0.4676975 0.3625913 0.3889763 0.3623577 1.1326258 0.4390930 0.4070116 0.4076582 0.3565333 0.4089510 0.3541751 0.3957597 0.3509428 0.3571290 0.3572449 0.4480914 0.3585638 0.3656440 0.3535131 0.3571429 0.3812019 0.4451456 0.3883553 0.3470065 0.4160229 0.4082266 1.0493328 0.3855513 0.3689976 0.3542990 0.4062151 0.3677285 0.3615021 0.3568567 0.3621861 0.4069242 0.3536734 1.0871001 0.3604073 0.3516817 0.0037124 0.3497731 0.3605271 1.0282286 0.3923375 0.5557146 0.3980806 0.3891207 0.3906881 0.3660029 0.3770741 0.3561506 1.1326311 0.4059388 0.3479882 0.4179022 0.4523442 0.4321696 0.3785182 0.3564861 0.4160324 0.4106305 0.4134479 0.3911047 0.3735553 0.3919980 
GNM1024    0.3292717 0.3028611 1.0281296 0.4344022 0.3960513 0.2583883 0.4413575 0.2674158 0.4167827 0.3191581 0.2756790 1.1406781 0.3481738 0.0000000 0.3343346 1.1522773 0.3056415 0.3780760 0.3743646 0.3296547 0.2678412 0.4277850 0.2958957 0.3118789 0.2838015 1.0954135 0.3967710 0.3606634 0.3741672 0.2538089 0.3820015 0.2821931 0.3512202 0.2986260 0.2670912 0.2718266 0.4156983 0.2759677 0.3167603 0.2701294 0.2651324 0.3341174 0.3992691 0.3362948 0.2613130 0.3875921 0.3791875 1.0368360 0.3361492 0.3351244 0.2719483 0.3778228 0.3107039 0.2696731 0.2617281 0.2661729 0.3787573 0.2723702 1.0869552 0.2827716 0.2578842 0.3414388 0.2693552 0.2670844 0.9870135 0.3246078 0.5063981 0.3305631 0.3228499 0.3112316 0.2931738 0.3526947 0.2747727 1.1281732 0.3770324 0.2669886 0.3575186 0.4139780 0.3937743 0.3275843 0.2658076 0.3872787 0.3902331 0.3816524 0.3453073 0.2905175 0.3574089 
GNM833     0.3594489 0.3195802 1.0028978 0.4175739 0.3760307 0.2978834 0.4033606 0.3113782 0.3879116 0.3363599 0.3218400 1.0942579 0.3846275 0.3343346 0.0000000 1.1514119 0.3016497 0.3542989 0.3535982 0.3387713 0.3183088 0.4094654 0.3200663 0.3824905 0.3051804 1.0575937 0.3850565 0.3262643 0.3463145 0.3350783 0.3572654 0.3019216 0.3514513 0.3254740 0.2951505 0.3193833 0.3936853 0.3093521 0.3426755 0.3364637 0.3007306 0.3483718 0.3950870 0.3406098 0.3333973 0.3651587 0.3555034 1.0081245 0.3604765 0.3207819 0.3188771 0.3537054 0.3413981 0.3175076 0.3199687 0.3096910 0.3542822 0.2944336 1.0306264 0.3036191 0.2971091 0.3832138 0.2928479 0.3102168 0.9731138 0.3782772 0.5236340 0.3316710 0.3760119 0.3179715 0.3027178 0.3684915 0.3061022 1.0945809 0.3531434 0.3285661 0.3661591 0.3832630 0.3670662 0.3175218 0.2958585 0.3655504 0.3857348 0.3601695 0.3192693 0.3302798 0.3566889 
GNM1310    1.1768802 1.1757391 1.1261991 1.1651604 1.1812494 1.1287376 1.1583961 1.1321150 1.1730480 1.1823674 1.1593589 0.9310645 1.1932230 1.1522773 1.1514119 0.0000000 1.1710125 1.1423513 1.1664203 1.1649846 1.1657555 1.1503843 1.1592273 1.1693324 1.1329398 0.8083185 1.1694425 1.1495369 1.1796467 1.1256355 1.1470136 1.1501626 1.1639183 1.1290041 1.1389982 1.1515768 1.1825500 1.1473758 1.1701446 1.1702095 1.1265161 1.1494726 1.1958784 1.1716867 1.1789717 1.1551454 1.1433495 1.1034851 1.1695372 1.1371590 1.1717869 1.1407479 1.1576597 1.1395464 1.1703853 1.1370936 1.1403567 1.1394771 1.1458657 1.1345556 1.1287529 1.1910557 1.1326611 1.1396295 1.0777359 1.2126158 1.1805156 1.1738950 1.2062238 1.1829798 1.1493987 1.1556171 1.1397429 0.9362549 1.1401934 1.1654044 1.1711855 1.1638119 1.1609813 1.1369321 1.1552498 1.1553195 1.1801454 1.1562919 1.1697218 1.1699387 1.1809657 
GNM973     0.3446584 0.2864137 1.0186564 0.4250745 0.3702580 0.2787928 0.4076401 0.2918325 0.4041669 0.2987075 0.2997226 1.1081879 0.3811986 0.3056415 0.3016497 1.1710125 0.0000000 0.3591540 0.3520005 0.3431082 0.2970547 0.4110219 0.2818171 0.3495889 0.2852277 1.0661059 0.3968796 0.3286299 0.3411560 0.3056178 0.3626300 0.2677308 0.3531202 0.3160455 0.2743355 0.2976116 0.3888666 0.2860204 0.3365634 0.3058203 0.2801419 0.3250339 0.4036281 0.3190720 0.3026162 0.3686877 0.3602676 1.0168288 0.3648560 0.3219496 0.2869020 0.3584129 0.3149442 0.2927418 0.2977644 0.2895718 0.3581859 0.2711975 1.0391768 0.2834871 0.2767253 0.3795373 0.2732602 0.2880572 0.9770926 0.3724801 0.5413464 0.2986008 0.3697598 0.2842453 0.2690299 0.3724676 0.2786107 1.1050431 0.3582338 0.2967219 0.3725571 0.3933196 0.3776509 0.3241483 0.2756913 0.3687927 0.3851849 0.3582175 0.3278527 0.2905647 0.3363088 
GNM1670    0.3770348 0.3719088 0.9990877 0.4231524 0.3976436 0.3512318 0.4070345 0.3645667 0.3960820 0.3775055 0.3743620 1.1005993 0.4068632 0.3780760 0.3542989 1.1423513 0.3591540 0.0000000 0.2727143 0.3683086 0.3767311 0.4122143 0.3559365 0.3968819 0.3537848 1.0529991 0.3928187 0.2553935 0.3797663 0.3682905 0.0097773 0.3476803 0.2925990 0.3613331 0.3448214 0.3715138 0.3934204 0.3577799 0.3800936 0.3550820 0.3593419 0.3733609 0.4123062 0.3802786 0.3646060 0.0209944 0.0070180 1.0124578 0.3526658 0.3349695 0.3632256 0.0027764 0.3658246 0.3653175 0.3616101 0.3689792 0.0068941 0.3507327 1.0286332 0.3541703 0.3533134 0.4053316 0.3499157 0.3632238 0.9735807 0.4169170 0.5415258 0.3694634 0.4147689 0.3674193 0.3507424 0.3995049 0.3510607 1.0705506 0.0029375 0.3553697 0.3103776 0.3904792 0.3797169 0.2763578 0.3498250 0.0215145 0.3786146 0.2680571 0.2826286 0.3685176 0.3813897 
GNM565     0.3688432 0.3658962 1.0258615 0.4201680 0.3730853 0.3533534 0.4140436 0.3729146 0.3990815 0.3654200 0.3782303 1.1144568 0.4099053 0.3743646 0.3535982 1.1664203 0.3520005 0.2727143 0.0000000 0.3697645 0.3752856 0.4128387 0.3435783 0.4132860 0.3659589 1.0719878 0.3810849 0.1996255 0.3637288 0.3676549 0.2758188 0.3513483 0.2366327 0.3595400 0.3461687 0.3790712 0.3852084 0.3592247 0.3742699 0.3585388 0.3573537 0.3725073 0.4052024 0.3667482 0.3646064 0.2833242 0.2743519 1.0358030 0.3467435 0.3313592 0.3585142 0.2726661 0.3846829 0.3679071 0.3584798 0.3671898 0.2732596 0.3514335 1.0356331 0.3634558 0.3560200 0.4078331 0.3516862 0.3644198 0.9897673 0.4141867 0.5637569 0.3596732 0.4118360 0.3570986 0.3415358 0.4058266 0.3594202 1.0873653 0.2721842 0.3574374 0.2510238 0.3840985 0.3629248 0.2632747 0.3521489 0.2839804 0.3584069 0.1445440 0.2752000 0.3544348 0.3766298 
GNM786     0.3415293 0.3545834 1.0323196 0.4349848 0.3913397 0.3247518 0.4242933 0.3383357 0.4060702 0.3615923 0.3339156 1.0889435 0.3731000 0.3296547 0.3387713 1.1649846 0.3431082 0.3683086 0.3697645 0.0000000 0.3275592 0.4273365 0.3336263 0.3808804 0.3354014 1.0763906 0.3930546 0.3571148 0.3781491 0.3224036 0.3724461 0.3248447 0.3528297 0.3292174 0.3250491 0.3320892 0.3954122 0.3259320 0.3320438 0.3226556 0.3281136 0.3595602 0.3915378 0.3644881 0.3221812 0.3788132 0.3700632 1.0240141 0.3214746 0.3164600 0.3063101 0.3682348 0.3555919 0.3303586 0.3236589 0.3349305 0.3686525 0.3246711 1.0605263 0.3330709 0.3260782 0.3670260 0.3231020 0.3360121 0.9981172 0.3581461 0.5159329 0.3663141 0.3552680 0.3542896 0.3342324 0.3470921 0.3231564 1.1131209 0.3677691 0.3213621 0.3682410 0.4100239 0.3870461 0.3377369 0.3093030 0.3790007 0.3651205 0.3738862 0.3357827 0.3472587 0.3697015 
GNM576     0.3292482 0.3055597 1.0266289 0.4306715 0.3964419 0.2476328 0.4292317 0.2596513 0.4061787 0.3138020 0.2588856 1.1327452 0.3625740 0.2678412 0.3183088 1.1657555 0.2970547 0.3767311 0.3752856 0.3275592 0.0000000 0.4223006 0.2811828 0.3245752 0.2705986 1.0930530 0.3985838 0.3533738 0.3671749 0.2834761 0.3796548 0.2657878 0.3550358 0.3128612 0.2515810 0.2565099 0.4187537 0.2526238 0.3164951 0.2786872 0.2549984 0.3450635 0.4085627 0.3486166 0.2801622 0.3883413 0.3778256 1.0301255 0.3544208 0.3292413 0.2663477 0.3762199 0.3039338 0.2565814 0.2758583 0.2562907 0.3762544 0.2508525 1.0790073 0.2697046 0.2466421 0.3560985 0.2474051 0.2542415 1.0049301 0.3435467 0.5119606 0.3173929 0.3424738 0.3029595 0.2763827 0.3493385 0.2523210 1.1261510 0.3756609 0.2786406 0.3757902 0.4035750 0.3922915 0.3180321 0.2517285 0.3880407 0.3916443 0.3819020 0.3280061 0.2860471 0.3530014 
GNM483     0.4271860 0.4176448 1.0244166 0.1443594 0.4365189 0.3931747 0.2176086 0.4070645 0.3227603 0.4305468 0.4277436 1.1190560 0.4676975 0.4277850 0.4094654 1.1503843 0.4110219 0.4122143 0.4128387 0.4273365 0.4223006 0.0000000 0.4002084 0.4437108 0.4093780 1.0778268 0.3416995 0.4026342 0.4120971 0.4171246 0.4161752 0.4002167 0.4340669 0.4001858 0.3834037 0.4233944 0.4585725 0.4073444 0.4287416 0.4282185 0.3973122 0.3979018 0.3791238 0.4201039 0.4291124 0.4233628 0.4133287 1.0294555 0.4212708 0.4126883 0.4164635 0.4114543 0.4308083 0.4026573 0.4206643 0.4034009 0.4114771 0.4008324 1.0252144 0.4079519 0.3939984 0.4658772 0.4018260 0.4026532 0.9726907 0.4713276 0.5730796 0.4322431 0.4709135 0.4173377 0.4049953 0.4490713 0.3992206 1.0933096 0.4115015 0.4261131 0.4397392 0.3478273 0.3310831 0.3925789 0.3853014 0.4233264 0.4382604 0.4174295 0.4094594 0.4049870 0.4134828 
GNM1154    0.3231078 0.2983185 1.0132669 0.4135370 0.3671737 0.2782953 0.4061398 0.2950503 0.3819398 0.2991907 0.3001304 1.1121731 0.3625913 0.2958957 0.3200663 1.1592273 0.2818171 0.3559365 0.3435783 0.3336263 0.2811828 0.4002084 0.0000000 0.3352124 0.2844497 1.0795017 0.3695250 0.3377401 0.3453153 0.2856745 0.3590674 0.2216967 0.3498320 0.3077483 0.2656422 0.3001018 0.4002888 0.2819563 0.3282624 0.2862672 0.2842361 0.3273482 0.3796211 0.3264825 0.2814775 0.3665765 0.3566300 1.0337469 0.3567716 0.3230561 0.2717844 0.3550381 0.3050143 0.2910373 0.2790383 0.2883955 0.3548887 0.2760703 1.0407150 0.2825147 0.2781183 0.3610454 0.2768788 0.2855166 0.9865011 0.3553664 0.5274382 0.3050532 0.3545679 0.2912114 0.2006376 0.3608631 0.2798537 1.0997987 0.3549344 0.2827092 0.3700634 0.3864237 0.3667819 0.3257145 0.2705958 0.3663168 0.3753648 0.3473190 0.3309945 0.0652868 0.3338900 
GNM1031    0.3755533 0.3488247 1.0466257 0.4523050 0.4188950 0.3070099 0.4593705 0.3167657 0.4487934 0.3664562 0.3340991 1.1557392 0.3889763 0.3118789 0.3824905 1.1693324 0.3495889 0.3968819 0.4132860 0.3808804 0.3245752 0.4437108 0.3352124 0.0000000 0.3319160 1.1131319 0.4191190 0.3939493 0.4121183 0.3215197 0.4005919 0.3238126 0.3997101 0.3503923 0.3166515 0.3322020 0.4570620 0.3217753 0.3728665 0.3289002 0.3153759 0.3745418 0.4431330 0.3699763 0.3344004 0.4066266 0.3986609 1.0530700 0.3832937 0.3721465 0.3203232 0.3961035 0.2770784 0.3173751 0.3314003 0.3207128 0.3970264 0.3226259 1.0853423 0.3277543 0.3076725 0.3874940 0.3200719 0.3185434 0.9980164 0.3902338 0.5257521 0.3707419 0.3869016 0.3567116 0.3302738 0.3885165 0.3195800 1.1422004 0.3960618 0.3222320 0.4098640 0.4412980 0.4242424 0.3708526 0.3089894 0.4064889 0.4316359 0.4162189 0.3857710 0.3338937 0.3954359 
GNM1187    0.3358427 0.2869902 0.9907595 0.4147869 0.3812857 0.1963627 0.4056898 0.1560784 0.3902482 0.3042102 0.1744276 1.0967472 0.3623577 0.2838015 0.3051804 1.1329398 0.2852277 0.3537848 0.3659589 0.3354014 0.2705986 0.4093780 0.2844497 0.3319160 0.0000000 1.0562170 0.3881280 0.3390040 0.3547718 0.2681777 0.3565691 0.2670973 0.3470469 0.3089685 0.2047784 0.1673039 0.3991011 0.1553627 0.3286451 0.2781077 0.1480646 0.3343246 0.3922687 0.3302032 0.2678153 0.3642294 0.3551675 1.0075850 0.3403604 0.3202266 0.2355044 0.3536667 0.3031640 0.1538716 0.2611760 0.1539241 0.3538004 0.1449231 1.0500980 0.0335509 0.1973160 0.3556978 0.1404476 0.1548428 0.9645195 0.3586319 0.5226317 0.3052855 0.3554562 0.2824881 0.2757022 0.3561011 0.1500212 1.0795315 0.3531941 0.2695466 0.3653582 0.3888441 0.3724015 0.3157902 0.1992038 0.3642544 0.3797144 0.3684526 0.3187595 0.2946941 0.3440060 
GNM1304    1.1041096 1.0977652 1.0093819 1.0904761 1.0787287 1.0558398 1.0613108 1.0737620 1.0988757 1.1056204 1.0834414 0.8190731 1.1326258 1.0954135 1.0575937 0.8083185 1.0661059 1.0529991 1.0719878 1.0763906 1.0930530 1.0778268 1.0795017 1.1131319 1.0562170 0.0000000 1.0975100 1.0393536 1.0755121 1.0631127 1.0589816 1.0648278 1.0661899 1.0641609 1.0607449 1.0733995 1.0789136 1.0612087 1.1017328 1.0894612 1.0500383 1.0747995 1.1152531 1.0909901 1.0955921 1.0604888 1.0552041 1.0088992 1.0972312 1.0457281 1.0875139 1.0524130 1.0804387 1.0738570 1.0771078 1.0662285 1.0521829 1.0458026 1.0041780 1.0559517 1.0497846 1.1297142 1.0423148 1.0596763 0.9724810 1.1513369 1.1548038 1.0871907 1.1444632 1.0913723 1.0563542 1.0877115 1.0538862 0.8254421 1.0517278 1.0826634 1.0979916 1.0725246 1.0639508 1.0541382 1.0775556 1.0608634 1.0865241 1.0654247 1.0666622 1.0957636 1.0949981 
GNM1089    0.3864038 0.3993107 1.0311245 0.3452144 0.4129803 0.3725848 0.3699540 0.3875410 0.3083007 0.4104792 0.4015768 1.1345400 0.4390930 0.3967710 0.3850565 1.1694425 0.3968796 0.3928187 0.3810849 0.3930546 0.3985838 0.3416995 0.3695250 0.4191190 0.3881280 1.0975100 0.0000000 0.3865987 0.4003439 0.3833972 0.3962229 0.3814919 0.4141471 0.3659081 0.3595811 0.4013312 0.4504505 0.3810129 0.3993523 0.3908188 0.3740715 0.3728998 0.2473523 0.3977343 0.3917605 0.4028246 0.3930901 1.0456700 0.3998743 0.3727631 0.3854422 0.3927343 0.4068183 0.3766808 0.3891544 0.3811826 0.3922095 0.3813422 1.0316235 0.3870739 0.3742280 0.4376269 0.3796710 0.3786405 0.9798895 0.4375133 0.5442085 0.4124107 0.4342451 0.4043385 0.3791767 0.4117052 0.3808668 1.0918842 0.3921115 0.3883297 0.4195684 0.2817022 0.2093655 0.3659604 0.3686443 0.4029112 0.4191470 0.3869826 0.3830172 0.3676081 0.3881785 
GNM1107    0.3701453 0.3398751 1.0097648 0.4094007 0.3631088 0.3353297 0.3958262 0.3472473 0.3952482 0.3489551 0.3523707 1.1175123 0.4070116 0.3606634 0.3262643 1.1495369 0.3286299 0.2553935 0.1996255 0.3571148 0.3533738 0.4026342 0.3377401 0.3939493 0.3390040 1.0393536 0.3865987 0.0000000 0.3541134 0.3595301 0.2589296 0.3205921 0.2301847 0.3494363 0.3339723 0.3501290 0.3631043 0.3379320 0.3640048 0.3500292 0.3348634 0.3589198 0.4061945 0.3482103 0.3509093 0.2644144 0.2561944 1.0079033 0.3320896 0.3066848 0.3460158 0.2548073 0.3641406 0.3432320 0.3495910 0.3469777 0.2548917 0.3258107 1.0178871 0.3359823 0.3347946 0.3987271 0.3300617 0.3426956 0.9801824 0.4048814 0.5536084 0.3396790 0.4023159 0.3353200 0.3250165 0.3923730 0.3338697 1.0769429 0.2546051 0.3488079 0.2425893 0.3829659 0.3638042 0.2420039 0.3323978 0.2644675 0.3564838 0.2100087 0.2461695 0.3505312 0.3666439 
GNM1283    0.3231163 0.3499917 1.0313849 0.4229248 0.3727865 0.3423276 0.4096574 0.3608886 0.4050386 0.3578400 0.3680902 1.1253181 0.4076582 0.3741672 0.3463145 1.1796467 0.3411560 0.3797663 0.3637288 0.3781491 0.3671749 0.4120971 0.3453153 0.4121183 0.3547718 1.0755121 0.4003439 0.3541134 0.0000000 0.3633072 0.3829226 0.3437979 0.3831273 0.3006091 0.3382049 0.3682216 0.4030626 0.3534487 0.3198750 0.3552803 0.3538461 0.2863235 0.4160114 0.2938558 0.3606036 0.3911264 0.3809528 1.0491906 0.3929980 0.3604862 0.3531339 0.3795407 0.3814729 0.3603678 0.3540054 0.3601865 0.3792800 0.3460523 1.0399076 0.3532552 0.3463441 0.4056674 0.3461065 0.3589365 0.9864279 0.3788891 0.5781927 0.3512837 0.3767340 0.3417302 0.3426730 0.4145211 0.3476401 1.1026378 0.3787099 0.3543009 0.3975173 0.3896514 0.3742501 0.3629012 0.3427059 0.3914594 0.3935646 0.3650623 0.3708904 0.3600535 0.2906909 
GNM1213    0.3104864 0.3006469 1.0274726 0.4253159 0.3802285 0.2481226 0.4272490 0.2596856 0.4106436 0.3162525 0.2673141 1.0955874 0.3565333 0.2538089 0.3350783 1.1256355 0.3056178 0.3682905 0.3676549 0.3224036 0.2834761 0.4171246 0.2856745 0.3215197 0.2681777 1.0631127 0.3833972 0.3595301 0.3633072 0.0000000 0.3716325 0.2787975 0.3484352 0.2841232 0.2541195 0.2661828 0.4068418 0.2571091 0.3068688 0.1978353 0.2531450 0.3179166 0.3962182 0.3265085 0.0811545 0.3784324 0.3698868 1.0337356 0.3393273 0.3316226 0.2439545 0.3679327 0.3180672 0.2513962 0.1528037 0.2561285 0.3689162 0.2590571 1.0729119 0.2667014 0.2508386 0.3502407 0.2564108 0.2534528 0.9801513 0.3187260 0.5146119 0.3279421 0.3180851 0.3090162 0.2899766 0.3570278 0.2565738 1.0928951 0.3676020 0.1945698 0.3522471 0.4059513 0.3888077 0.3238971 0.2489505 0.3788790 0.3837233 0.3742443 0.3421582 0.2857650 0.3395966 
GNM3890    0.3806872 0.3761476 1.0063216 0.4262754 0.4007368 0.3542028 0.4108938 0.3676658 0.3993637 0.3820368 0.3783155 1.1049528 0.4089510 0.3820015 0.3572654 1.1470136 0.3626300 0.0097773 0.2758188 0.3724461 0.3796548 0.4161752 0.3590674 0.4005919 0.3565691 1.0589816 0.3962229 0.2589296 0.3829226 0.3716325 0.0000000 0.3503609 0.2965721 0.3651434 0.3476756 0.3753579 0.3974495 0.3605282 0.3837943 0.3589599 0.3619675 0.3767939 0.4153923 0.3836701 0.3681035 0.0237746 0.0103015 1.0177963 0.3558232 0.3380987 0.3660760 0.0096179 0.3695615 0.3682674 0.3648248 0.3717756 0.0099627 0.3533439 1.0342300 0.3575115 0.3563665 0.4072348 0.3532363 0.3662423 0.9794531 0.4209122 0.5444097 0.3725644 0.4182257 0.3716602 0.3541047 0.4028958 0.3539200 1.0759335 0.0092126 0.3586267 0.3136838 0.3934343 0.3824361 0.2797543 0.3535489 0.0242332 0.3819478 0.2712318 0.2851664 0.3717219 0.3844694 
GNM1146    0.3271825 0.2800253 1.0046923 0.4097115 0.3640436 0.2548765 0.4000193 0.2715627 0.3911081 0.2903603 0.2779905 1.1083723 0.3541751 0.2821931 0.3019216 1.1501626 0.2677308 0.3476803 0.3513483 0.3248447 0.2657878 0.4002167 0.2216967 0.3238126 0.2670973 1.0648278 0.3814919 0.3205921 0.3437979 0.2787975 0.3503609 0.0000000 0.3398273 0.3066303 0.2518962 0.2766482 0.3925655 0.2599667 0.3192491 0.2842882 0.2566232 0.3253754 0.3812653 0.3203116 0.2782996 0.3578600 0.3478757 1.0173522 0.3425530 0.3124751 0.2630748 0.3472710 0.2976958 0.2668083 0.2665637 0.2642919 0.3472302 0.2507989 1.0338378 0.2641019 0.2542128 0.3530954 0.2509862 0.2607738 0.9748366 0.3492406 0.5233756 0.2974475 0.3455426 0.2796262 0.2081767 0.3508054 0.2541851 1.0987450 0.3466987 0.2764732 0.3571148 0.3829479 0.3611903 0.3113062 0.2520939 0.3579537 0.3733589 0.3516309 0.3155393 0.2311724 0.3331093 
GNM747     0.3777555 0.3662196 1.0174645 0.4447692 0.3868519 0.3452873 0.4288446 0.3489251 0.4207305 0.3662610 0.3573550 1.1122966 0.3957597 0.3512202 0.3514513 1.1639183 0.3531202 0.2925990 0.2366327 0.3528297 0.3550358 0.4340669 0.3498320 0.3997101 0.3470469 1.0661899 0.4141471 0.2301847 0.3831273 0.3484352 0.2965721 0.3398273 0.0000000 0.3635874 0.3458850 0.3544977 0.3827615 0.3447864 0.3669048 0.3497670 0.3441196 0.3787390 0.4089945 0.3726395 0.3458959 0.3046887 0.2938663 1.0314752 0.3459036 0.3353683 0.3458321 0.2922132 0.3738516 0.3524022 0.3425808 0.3492540 0.2929640 0.3405083 1.0372405 0.3475331 0.3473848 0.3933664 0.3371055 0.3461420 0.9866754 0.3864302 0.5324477 0.3685608 0.3853582 0.3611176 0.3462357 0.3842645 0.3467377 1.0837751 0.2916952 0.3412712 0.0759782 0.4146602 0.3963783 0.2725451 0.3517998 0.3048294 0.3625483 0.2495787 0.2798835 0.3639697 0.3890594 
GNM444     0.1589586 0.3131824 1.0110875 0.4067438 0.3688310 0.2864766 0.4119998 0.3016166 0.3985399 0.3301025 0.3178362 1.0987538 0.3509428 0.2986260 0.3254740 1.1290041 0.3160455 0.3613331 0.3595400 0.3292174 0.3128612 0.4001858 0.3077483 0.3503923 0.3089685 1.0641609 0.3659081 0.3494363 0.3006091 0.2841232 0.3651434 0.3066303 0.3635874 0.0000000 0.2822732 0.3166119 0.4051690 0.2974749 0.1437748 0.3004087 0.2921200 0.2659598 0.3908382 0.2789445 0.2967292 0.3745881 0.3629721 1.0202800 0.3422941 0.3310726 0.3000151 0.3611490 0.3277739 0.2933282 0.2936528 0.3013505 0.3623675 0.2972339 1.0550546 0.3072104 0.2873911 0.3500355 0.2975964 0.3009649 0.9674307 0.2943235 0.5063045 0.3315562 0.2899869 0.3228182 0.3070148 0.3664775 0.2935044 1.0981674 0.3606101 0.2981620 0.3626342 0.3886800 0.3722630 0.3265384 0.2877954 0.3740701 0.3712337 0.3627292 0.3431663 0.3093921 0.2856071 
GNM1170    0.3199740 0.2705574 1.0018802 0.3930461 0.3709701 0.1507059 0.3971708 0.1956475 0.3771090 0.2953365 0.2106786 1.1071481 0.3571290 0.2670912 0.2951505 1.1389982 0.2743355 0.3448214 0.3461687 0.3250491 0.2515810 0.3834037 0.2656422 0.3166515 0.2047784 1.0607449 0.3595811 0.3339723 0.3382049 0.2541195 0.3476756 0.2518962 0.3458850 0.2822732 0.0000000 0.2104069 0.3945186 0.1948221 0.3149312 0.2656505 0.1744920 0.3035629 0.3845543 0.3082204 0.2621902 0.3572318 0.3458342 1.0107508 0.3225419 0.3081287 0.2100049 0.3444689 0.2927250 0.1898448 0.2553315 0.1838367 0.3446474 0.1774781 1.0402049 0.2036000 0.1507520 0.3514325 0.1781349 0.1835468 0.9599788 0.3371041 0.5157788 0.2956057 0.3371856 0.2776303 0.2630913 0.3581318 0.1920152 1.0919754 0.3440643 0.2588047 0.3490743 0.3776671 0.3538025 0.2888725 0.1458650 0.3575997 0.3691189 0.3498228 0.3113174 0.2641190 0.3273183 
GNM1126    0.3393151 0.3052854 1.0006504 0.4293019 0.3892856 0.2006329 0.4227204 0.1100517 0.4059275 0.3149514 0.0408189 1.1118652 0.3572449 0.2718266 0.3193833 1.1515768 0.2976116 0.3715138 0.3790712 0.3320892 0.2565099 0.4233944 0.3001018 0.3322020 0.1673039 1.0733995 0.4013312 0.3501290 0.3682216 0.2661828 0.3753579 0.2766482 0.3544977 0.3166119 0.2104069 0.0000000 0.4163224 0.1476972 0.3252052 0.2722427 0.1500714 0.3479619 0.3999235 0.3477601 0.2699900 0.3805516 0.3737134 1.0224556 0.3458353 0.3289524 0.2299234 0.3708593 0.3082651 0.1545632 0.2610799 0.1465572 0.3720138 0.1465012 1.0627592 0.1668256 0.2013754 0.3557109 0.1413948 0.1487286 0.9834913 0.3558973 0.5150346 0.3224400 0.3539689 0.3015382 0.2857613 0.3477494 0.1491661 1.1011657 0.3708348 0.2663549 0.3738534 0.4092474 0.3925164 0.3274164 0.2085083 0.3805944 0.3873066 0.3821407 0.3322068 0.3090898 0.3543896 
GNM425     0.4242640 0.4175636 1.0320779 0.4638173 0.4146101 0.3945020 0.4471420 0.4114945 0.4477052 0.4178365 0.4192924 1.1142303 0.4480914 0.4156983 0.3936853 1.1825500 0.3888666 0.3934204 0.3852084 0.3954122 0.4187537 0.4585725 0.4002888 0.4570620 0.3991011 1.0789136 0.4504505 0.3631043 0.4030626 0.4068418 0.3974495 0.3925655 0.3827615 0.4051690 0.3945186 0.4163224 0.0000000 0.3962776 0.4124864 0.3956779 0.4012103 0.4062820 0.4559866 0.4085563 0.4031244 0.4021306 0.3943369 1.0397514 0.3456273 0.3709991 0.4007218 0.3933922 0.4166843 0.4056426 0.3940192 0.4101114 0.3932222 0.3945066 1.0412928 0.3984766 0.3941943 0.4456436 0.3947668 0.4109560 1.0054241 0.4538636 0.5896086 0.4117126 0.4518379 0.4080218 0.3942985 0.4374220 0.3900032 1.1133553 0.3927310 0.3924745 0.4027188 0.4404935 0.4210246 0.3787999 0.3913887 0.4029471 0.2572701 0.3841917 0.3888525 0.4145543 0.4144333 
GNM926     0.3218496 0.2897402 0.9991733 0.4139385 0.3778409 0.1867836 0.4046604 0.1415898 0.3860923 0.2959055 0.1514072 1.0996114 0.3585638 0.2759677 0.3093521 1.1473758 0.2860204 0.3577799 0.3592247 0.3259320 0.2526238 0.4073444 0.2819563 0.3217753 0.1553627 1.0612087 0.3810129 0.3379320 0.3534487 0.2571091 0.3605282 0.2599667 0.3447864 0.2974749 0.1948221 0.1476972 0.3962776 0.0000000 0.3167950 0.2599760 0.1398540 0.3279684 0.3934740 0.3300462 0.2573302 0.3695117 0.3588436 1.0144084 0.3336303 0.3148786 0.2215313 0.3573924 0.2971161 0.0238791 0.2517135 0.1397550 0.3583532 0.1375058 1.0538050 0.1513720 0.1887745 0.3517653 0.1329514 0.1400261 0.9735151 0.3497183 0.5085807 0.3049399 0.3455755 0.2867264 0.2729653 0.3511013 0.0669679 1.0942086 0.3566295 0.2567736 0.3605971 0.3891030 0.3711257 0.3084206 0.1941888 0.3696599 0.3762025 0.3652432 0.3115288 0.2920114 0.3412828 
GNM1123    0.1582325 0.3462879 1.0393629 0.4368350 0.3848778 0.3136743 0.4267877 0.3304590 0.4173948 0.3528886 0.3284635 1.1410972 0.3656440 0.3167603 0.3426755 1.1701446 0.3365634 0.3800936 0.3742699 0.3320438 0.3164951 0.4287416 0.3282624 0.3728665 0.3286451 1.1017328 0.3993523 0.3640048 0.3198750 0.3068688 0.3837943 0.3192491 0.3669048 0.1437748 0.3149312 0.3252052 0.4124864 0.3167950 0.0000000 0.3080933 0.3208199 0.2956468 0.4006480 0.3083085 0.3030260 0.3903164 0.3814158 1.0398576 0.3585135 0.3401369 0.3123690 0.3799696 0.3422909 0.3227769 0.3072674 0.3266613 0.3810067 0.3161546 1.0856369 0.3261564 0.3111947 0.3598902 0.3154997 0.3242258 1.0157440 0.3094440 0.5398682 0.3495007 0.3052920 0.3428109 0.3244673 0.3701319 0.3142285 1.1284127 0.3790971 0.3091140 0.3824042 0.4089081 0.3928147 0.3581776 0.3157842 0.3901693 0.3869757 0.3802960 0.3612124 0.3403983 0.3046595 
GNM1121    0.3104579 0.3191064 1.0242033 0.4358517 0.3728152 0.2601834 0.4264964 0.2783068 0.4095200 0.3217424 0.2734380 1.1248816 0.3535131 0.2701294 0.3364637 1.1702095 0.3058203 0.3550820 0.3585388 0.3226556 0.2786872 0.4282185 0.2862672 0.3289002 0.2781077 1.0894612 0.3908188 0.3500292 0.3552803 0.1978353 0.3589599 0.2842882 0.3497670 0.3004087 0.2656505 0.2722427 0.3956779 0.2599760 0.3080933 0.0000000 0.2693542 0.3378484 0.4007240 0.3390620 0.1892099 0.3646507 0.3566611 1.0305652 0.3462312 0.3189761 0.2403738 0.3547594 0.3166029 0.2624908 0.1999219 0.2757105 0.3559624 0.2655932 1.0604992 0.2739308 0.2635087 0.3469326 0.2635896 0.2743356 0.9961261 0.3348677 0.5249817 0.3252084 0.3344771 0.3158068 0.2904631 0.3644476 0.2605449 1.1187598 0.3543781 0.0443537 0.3649256 0.4089444 0.3830210 0.3368811 0.2659868 0.3647846 0.3745365 0.3634074 0.3422310 0.2989569 0.3454755 
GNM1363    0.3304959 0.2766253 0.9997540 0.4040830 0.3805223 0.1689544 0.4048668 0.1200473 0.3903324 0.3017781 0.1539988 1.1043141 0.3571429 0.2651324 0.3007306 1.1265161 0.2801419 0.3593419 0.3573537 0.3281136 0.2549984 0.3973122 0.2842361 0.3153759 0.1480646 1.0500383 0.3740715 0.3348634 0.3538461 0.2531450 0.3619675 0.2566232 0.3441196 0.2921200 0.1744920 0.1500714 0.4012103 0.1398540 0.3208199 0.2693542 0.0000000 0.3148147 0.3959244 0.3156523 0.2671870 0.3710497 0.3615863 1.0113258 0.3231780 0.3138207 0.2250416 0.3588545 0.2937773 0.1291971 0.2579456 0.0592327 0.3595769 0.0374405 1.0533089 0.1469274 0.1671817 0.3502301 0.0489374 0.0596637 0.9560162 0.3435173 0.5047292 0.3015528 0.3410247 0.2841666 0.2741631 0.3532607 0.1337368 1.0931737 0.3584191 0.2616253 0.3495027 0.3880727 0.3694380 0.2976383 0.1693860 0.3712435 0.3804410 0.3663473 0.3145948 0.2841419 0.3388511 
GNM1367    0.2979610 0.3266377 1.0201541 0.4071009 0.3730117 0.3136352 0.4039074 0.3272898 0.3998418 0.3445338 0.3498234 1.1092329 0.3812019 0.3341174 0.3483718 1.1494726 0.3250339 0.3733609 0.3725073 0.3595602 0.3450635 0.3979018 0.3273482 0.3745418 0.3343246 1.0747995 0.3728998 0.3589198 0.2863235 0.3179166 0.3767939 0.3253754 0.3787390 0.2659598 0.3035629 0.3479619 0.4062820 0.3279684 0.2956468 0.3378484 0.3148147 0.0000000 0.4033104 0.2869430 0.3342239 0.3827436 0.3743776 1.0396842 0.3670987 0.3527525 0.3256633 0.3728264 0.3577972 0.3239851 0.3226517 0.3239656 0.3728393 0.3209653 1.0497648 0.3323985 0.3121458 0.3789889 0.3238950 0.3193481 0.9724172 0.3431125 0.5522983 0.3514449 0.3398769 0.3372346 0.3268320 0.3914870 0.3224979 1.1003055 0.3724919 0.3300648 0.3861210 0.3848770 0.3663732 0.3443428 0.3098555 0.3828856 0.3848906 0.3751767 0.3606179 0.3268743 0.0715542 
GNM1431    0.3942000 0.4065901 1.0583538 0.3828969 0.4253995 0.3935258 0.3839650 0.4034401 0.3418992 0.4027191 0.4003781 1.1393957 0.4451456 0.3992691 0.3950870 1.1958784 0.4036281 0.4123062 0.4052024 0.3915378 0.4085627 0.3791238 0.3796211 0.4431330 0.3922687 1.1152531 0.2473523 0.4061945 0.4160114 0.3962182 0.4153923 0.3812653 0.4089945 0.3908382 0.3845543 0.3999235 0.4559866 0.3934740 0.4006480 0.4007240 0.3959244 0.4033104 0.0000000 0.4184300 0.3842522 0.4235776 0.4143384 1.0570038 0.4081139 0.3885127 0.3841278 0.4123759 0.4125487 0.3988817 0.3861806 0.4008900 0.4125403 0.3889718 1.0655894 0.3917709 0.3948742 0.4400103 0.3899124 0.3992440 1.0292300 0.4357788 0.5770103 0.4231257 0.4329965 0.3964890 0.3878174 0.4079969 0.3935371 1.1220516 0.4119532 0.3940701 0.4255324 0.3128965 0.2602610 0.3917420 0.3833269 0.4236239 0.4294161 0.4108739 0.3865728 0.3933917 0.4076480 
GNM855     0.3169693 0.3122452 1.0373861 0.4326800 0.3725772 0.3161121 0.4233114 0.3290574 0.4240054 0.3379360 0.3488499 1.1203717 0.3883553 0.3362948 0.3406098 1.1716867 0.3190720 0.3802786 0.3667482 0.3644881 0.3486166 0.4201039 0.3264825 0.3699763 0.3302032 1.0909901 0.3977343 0.3482103 0.2938558 0.3265085 0.3836701 0.3203116 0.3726395 0.2789445 0.3082204 0.3477601 0.4085563 0.3300462 0.3083085 0.3390620 0.3156523 0.2869430 0.4184300 0.0000000 0.3376525 0.3909458 0.3812823 1.0426752 0.3661647 0.3446145 0.3297122 0.3798719 0.3577547 0.3240398 0.3297289 0.3245888 0.3798058 0.3229130 1.0572110 0.3272461 0.3162511 0.3867196 0.3239037 0.3234427 0.9787722 0.3395427 0.5605280 0.3405739 0.3344365 0.3211727 0.3146968 0.3996238 0.3253214 1.1256094 0.3792126 0.3330436 0.3782164 0.4074221 0.3854848 0.3416402 0.3132323 0.3907331 0.3915814 0.3707642 0.3597427 0.3283790 0.3088200 
GNM1125    0.3060840 0.3115570 1.0210612 0.4369625 0.3807416 0.2571611 0.4287904 0.2718242 0.4062185 0.3127929 0.2701557 1.1360750 0.3470065 0.2613130 0.3333973 1.1789717 0.3026162 0.3646060 0.3646064 0.3221812 0.2801622 0.4291124 0.2814775 0.3344004 0.2678153 1.0955921 0.3917605 0.3509093 0.3606036 0.0811545 0.3681035 0.2782996 0.3458959 0.2967292 0.2621902 0.2699900 0.4031244 0.2573302 0.3030260 0.1892099 0.2671870 0.3342239 0.3842522 0.3376525 0.0000000 0.3733467 0.3663333 1.0387919 0.3517510 0.3293215 0.2376136 0.3641006 0.3132557 0.2649956 0.1526155 0.2697883 0.3650945 0.2590936 1.0653329 0.2670724 0.2611410 0.3460681 0.2590151 0.2681620 0.9970709 0.3297960 0.5189565 0.3260504 0.3286747 0.3096114 0.2852778 0.3545042 0.2568978 1.1301003 0.3639462 0.1872920 0.3636054 0.4039938 0.3847301 0.3381487 0.2569634 0.3739728 0.3799613 0.3701002 0.3430970 0.2908925 0.3400196 
